1192810297153556491
1192813477455220736
1192817132413669488
1192819607917043852
1193048822335676486
1193612978554146877
1195968371947212940
1196646729722892329
1196921011308859473
1197100799038328904
1197097170793406514
1198474001631158282
1202161276214841364
1202390162852679691
1205063677040926761
1206314851799007332
1206330533450096721
1207753881686122606
1208138702518222868
1208964874672017498
1211720707096973335
1212964408637263882
1212990826096107530
1213221681187917864
1214411899945357332
1214030591805362196
1215693161029181461
1215784109117407382
305458288475242496
1217082648850333797
1217833474346713088
1218432732699295834
1218667472220065924
1218667816639660042
1218675299030401074
1218669622425813104
1219121024084348938
1218433284330098748
1218435740405469255
1219369937131274290
1220540556053188649
1221138132238467132
1221575820967936001
1223713716894302338
1224373885118447708
817722468533403659
823467860692303923
1225574654891262104
1227478833511530497
1225922300260384829
1229552854352527431
1230171683952791593
1229904089895403531
1230591404926046301
1108119809520042114
1231212701410136145
1232553543571996702
1232783777483194459
1232931666855465043
1232750312247263392
1233464500414320672
1233763287980838962
1233368659045515334
1233361826503200867
1234783925612711977
1236554136087040050
1238656271616442581
1238867539132551178
1240386331759083600
1240400530329571369
1241664796202500157
1241778769338044568
1242593051319206049
1242610188284854363
1244146549663989770
1244142445646712974
1245035402209919026
1245943134513270854
1246148505920208946
1247919597324337315
1248286019015545002
1249064051582177381
1249075440954380350
1250809483433869456
1250756233338552402
1255288978748211351
1256520639771181066
803310141667016744
1258139259668533259
1258277437456912435
1258509034701590670
1258833334822502544
1258834199352180747
1258903975441207477
1259893711245021326
1086619938422267986
1261468343169187892
1261795147235065936
1261992095120359434
1261953594576338945
1262128164214145104
1263223701588148304
1263966877324152922
1264483344138244096
1268105576668467251
1268520303290744897
1268590040519540736
1269040287578067027
1269389821508587591
1269065049935319150
1269852062305484862
1269955244251549787
1270698787073163335
1218621712829255842
1273347669636681779
1273353810399596605
1274043567584579655
1274379415165341726
1274489891018768455
1274482212578005012
1274750965244755998
1275508214430957668
1273752120088330331
1271911934991794329
1278008968488419439
1278093584704208956
1278299648729288724
1278780970224455772
1282400775569412246
1282319077871849554
1283237461547548672
1283294462746824767
1284608495345336413
1285662633550286973
1286314034613850122
1286401657529438320
1286770114498134128
1287217971621662792
1287525486565527682
1287525689624629402
1287739578048053320
1288545956643602513
1289940513713291284
1290718737493790751
1242854994601054231
1290563998819024896
1286757158792331275
1292436882470338591
1292469313927909386
1292914316395413705
1295171414588129342
1296280478000615487
1302000190886121493
1302616555225485383
1282024966652559432
1303143627228184616
1303243322684604426
578674462367416342
1305205139057021018
1305638025266724955
1307800508513390642
1312630749815636000
1312627955603865634
1312729669073895486
1312707420346122261
1313362204430438410
1314428533962965044
1314429619994230816
1314654083097038858
1315074615290368020
1315686264871194695
1316063839955189762
1317533628497924187
1317534338694385754
1317881913335353394
1317901317905321984
1317891435365662800
1320895235739353129
1321343275969548429
1322224836235235433
1322226116420960419
1322985599451398275
1323177451676762142
1164222169077792860
1324357458109665362
1325582471240355940
1327370960369881128
1327838711173480449
1327935383937224765
1327941996593152021
1328350782629871658
1330989144813473883
1332558326302642196
1333025032640925787
1335743256054468628
1336031020457394178
1336063319160655974
1339108071531614239
1344990623283019809
1346638725014224918
1346910171280052276
1347879441715560530
1348429591559274517
1325839811059384385
1358452110856949940
1362421027099119739
1364256897678577725
1364600581834145802
1363611484957053008
1365289063409651815
1367259945095139399
1367566337202983144
1367568056376754186
1367565366368141536
1367576181691515011
1367584039254495497
1367583681186631701
1367591680273940600
1367596030899650601
1368863254318682183
1368911220974948392
1368864056634769418
1369124176438366288
1369118979318218874
1369652482791444532
1370365805912658013
1370413758945558709
1370546377737637888
1371754431963598898
1371860472638214195
1371858380976554095
1372121472864096258
1372288553362522172
1372321606126272673
1372351907330527334
1377950557783855114
1379194180387209309
1380499933194358784
1382470792146714747
1382481910911209483
1382828240850391142
1384287931761426482
1384597694248521768
1385165463146856511
1385544562134749194
1385774344323465367
1377738753820594197
1388473152782209076
1388502496879837204
1389683101940191262
1390140010778329258
1390278245273829496
1391197507282931774
1393286306343292968
1393286352170254478
1394101551156428810
1394517407619616879
1396662946356138155
1399062979051257906
1399399944930070550
1399845512248819855
1400148684376768572
1400272464482926695
1401263557873500211
305461629863067649
1401578814752034946
305463021394722816
1401881680696049696
1402686935238967316
1403123154930503812
1325153285170139246
1404212376751968256
1405933109517488148
1404776767964712960
1406018201799888897
1406292226908098692
1407871071457382482
1411058219190583296
1411538109937619074
1411711896398336161
1411717676190924871
1411974528468254821
1412112581140807773
1300874524136444007
1414275556148510901
1414665029583638752
1415833869827047504
1417661183564976178
1418618450670256149
1418741098901143702
1420162544714252341
1392176491961516176
1421312627308626065
1422810033389043722
1427152698226245663
1429484224041193493
1431869912304844841
1432284095857295460
1432401381708398674
1418615215922221077
1434162060161450086
1434818786648657970
1434820872782483468
1434948977517662321
1435503017863676024
1435801671149293749
1435897592339894333
1435971737543245935
1436661475270983711
1436752094299427046
1436764258393133226
1436823141577003193
1437070686802673804
1437137188968988897
1437560650380476496
1438043185522675742
1438226839469555713
1438235505690153123
1438236222102306940
1438246012962603170
1438995437200736316
1439471269966905467
1440023302897664091
1440085442572845248
1440320425400860724
1440378964202754108
1421733927847989308
1438537322105802894
1424266597480267808
1442234369707085885
1443323516505034815
1443345653567848641
1445102074583978174
1448188002894348308
1416768887776874626
1449037196697796700
1449596129724596378
1449894014751871129
1450951565866176535
1452244676055797902
1452736209230106827
1453425688731320503
1453426192634875924
1454539572506657001
1454927669182468269
1457621590538981437
1460724302503608589
1459943246318010602
1461227136831721616
1463484094867439627
